Precision: 0.9470454545454545
Recall: 0.8939393939393939
F1 Score: 0.9106809622072176
Accuracy: 0.8939393939393939